0.0000
0.4000
1.5000
0.8000
0.3000
-0.7000
-0.7000
0.2000
0.9000
1.9000
2.5000
2.3000
1.5000
0.7000
0.1000
-0.8000
-1.8000
-2.1000
-1.4000
-0.6000
0.1000
0.6000
1.5000
2.3000
2.9000
3.9000
4.1000
3.6000
2.8000
2.0000
1.1000
0.3000
-0.6000
-1.7000
-2.3000
-3.0000
-4.0000
-4.8000
-4.3000
-3.2000
-1.9000
-1.1000
-0.3000
0.5000
1.3000
2.1000
2.9000
3.8000
4.3000
5.1000
5.9000
6.8000
7.3000
6.8000
6.3000
5.6000
4.9000
4.3000
3.8000
2.4000
1.5000
0.7000
-0.6000
-1.7000
-2.3000
-3.1000
-3.8000
-5.2000
-6.1000
-7.1000
-7.3000
-6.7000
-5.7000
-5.0000
-3.8000
-2.5000
-1.5000
-0.7000
0.3000
1.1000
2.1000
2.9000
3.6000
4.5000
5.1000
6.1000
6.9000
7.7000
8.9000
9.4000
9.1000
8.1000
7.3000
6.8000
6.1000
5.5000
4.7000
4.2000
3.2000
2.2000
0.6000
-0.9000
-1.8000
-2.6000
-3.4000
-4.3000
-4.6000
-5.5000
-6.5000
-6.7000
-8.3000
-7.7000
-10.6000
-11.1000
-10.1000
-9.3000
-8.7000
-8.2000
-7.1000
-5.2000
-4.6000
-4.3000
-2.4000
-1.2000
0.1000
0.6000
1.3000
1.5000
2.5000
3.5000
4.1000
5.0000
6.1000
6.9000
7.9000
9.1000
10.4000
11.6000
13.0000
14.2000
15.3000
17.1000
18.6000
19.6000
19.3000
18.6000
18.0000
17.1000
16.3000
15.3000
14.6000
13.9000
13.2000
12.1000
11.2000
10.3000
9.5000
8.7000
7.4000
6.6000
4.9000
4.2000
2.5000
1.1000
-0.2000
-0.9000
-2.0000
-2.6000
-3.8000
-5.7000
-6.6000
-7.8000
-9.0000
-10.0000
-11.2000
-12.2000
-13.4000
-14.3000
-15.6000
-16.8000
-18.0000
-19.1000
-19.3000
-19.0000
-18.3000
-17.3000
-16.6000
-16.1000
-15.6000
-15.1000
-14.0000
-12.8000
-11.9000
-11.0000
-10.1000
-8.8000
-6.0000
-6.2000
-3.8000
-2.6000
-1.1000
0.0000
1.4000
2.6000
3.8000
4.9000
6.0000
7.0000
8.5000
9.4000
10.8000
11.9000
13.2000
14.4000
15.5000
16.6000
17.8000
18.9000
20.2000
21.3000
23.1000
24.5000
25.9000
27.6000
29.5000
31.3000
33.4000
35.7000
38.1000
39.6000
39.3000
38.1000
37.5000
37.0000
36.1000
35.5000
35.0000
34.1000
33.3000
32.7000
31.9000
31.4000
30.7000
29.5000
28.3000
27.2000
26.5000
25.1000
24.1000
22.6000
21.1000
19.6000
18.2000
17.0000
15.9000
14.1000
11.9000
9.6000
7.0000
4.4000
2.8000
0.9000
-0.7000
-1.9000
-3.2000
-4.7000
-6.1000
-7.4000
-8.6000
-10.2000
-11.2000
-12.6000
-13.7000
-15.1000
-16.2000
-17.3000
-18.6000
-19.6000
-20.9000
-22.3000
-24.2000
-25.7000
-27.2000
-29.4000
-31.3000
-33.0000
-34.9000
-37.0000
-38.8000
-39.5000
-38.9000
-37.9000
-37.1000
-36.3000
-35.3000
-34.8000
-33.7000
-33.3000
-32.3000
-31.4000
-31.1000
-30.1000
-29.0000
-27.8000
-26.0000
-25.8000
-23.9000
-23.2000
-21.4000
-19.7000
-18.4000
-18.2000
-16.7000
-15.0000
-12.5000
-10.2000
-8.0000
-5.8000
-3.7000
-1.8000
2.7000
4.3000
6.2000
7.9000
9.8000
11.3000
13.6000
14.7000
16.4000
17.8000
19.4000
20.8000
22.8000
23.9000
25.4000
26.9000
28.4000
30.1000
31.3000
32.7000
34.2000
35.8000
37.2000
38.8000
40.1000
41.9000
43.9000
46.1000
48.7000
51.6000
55.1000
58.7000
59.7000
58.8000
58.0000
57.2000
56.1000
55.6000
54.9000
54.1000
53.5000
52.7000
51.9000
51.1000
50.4000
49.4000
48.5000
47.7000
46.4000
45.4000
44.3000
43.0000
41.8000
40.6000
39.1000
37.9000
36.3000
34.4000
32.4000
31.2000
28.8000
26.6000
24.5000
22.0000
18.7000
16.0000
12.4000
9.3000
6.2000
3.5000
0.6000
-2.0000
-4.1000
-6.3000
-8.2000
-10.2000
-12.0000
-13.7000
-15.4000
-16.9000
-18.6000
-20.1000
-21.4000
-23.2000
-24.9000
-26.5000
-27.5000
-29.7000
-31.3000
-32.7000
-34.2000
-35.9000
-37.4000
-38.7000
-40.4000
-42.3000
-44.4000
-46.4000
-48.9000
-51.4000
-54.0000
-56.3000
-58.8000
-59.3000
-59.1000
-58.0000
-57.2000
-56.0000
-55.1000
-54.3000
-53.9000
-53.0000
-52.3000
-51.6000
-50.5000
-49.5000
-48.2000
-47.7000
-46.2000
-44.6000
-44.4000
-42.8000
-40.9000
-40.2000
-38.1000
-36.9000
-36.8000
-35.3000
-33.4000
-31.3000
-29.6000
-27.1000
-24.9000
-21.3000
-18.4000
-15.7000
-12.4000
-8.9000
-5.7000
-2.4000
4.7000
7.7000
10.2000
13.4000
15.8000
18.1000
20.5000
23.0000
25.0000
27.1000
29.2000
31.3000
33.1000
35.2000
37.3000
39.4000
41.3000
43.2000
45.0000
46.9000
48.5000
50.4000
52.0000
54.0000
55.6000
57.3000
59.2000
61.1000
63.3000
66.0000
67.8000
71.5000
75.4000
79.0000
79.7000
79.2000
78.7000
77.9000
77.3000
76.6000
76.1000
75.4000
74.7000
73.9000
73.1000
71.8000
70.8000
69.6000
68.6000
67.6000
66.6000
65.4000
64.8000
63.2000
61.6000
60.4000
58.9000
57.3000
55.7000
53.6000
51.9000
50.0000
48.0000
45.8000
43.3000
40.7000
38.0000
35.1000
31.8000
27.0000
23.1000
17.9000
13.9000
9.1000
5.1000
0.8000
-2.8000
-6.0000
-9.1000
-12.0000
-14.6000
-17.2000
-19.5000
-21.6000
-24.2000
-26.3000
-28.1000
-30.6000
-32.4000
-34.6000
-36.4000
-38.0000
-39.9000
-41.8000
-43.7000
-45.3000
-47.2000
-48.9000
-50.7000
-52.4000
-54.2000
-55.5000
-57.6000
-59.0000
-61.4000
-63.4000
-65.9000
-68.6000
-71.6000
-76.3000
-79.3000
-79.5000
-78.7000
-77.8000
-76.4000
-75.7000
-75.2000
-74.3000
-73.7000
-72.8000
-72.0000
-70.8000
-70.1000
-68.8000
-66.5000
-66.4000
-65.6000
-64.8000
-61.7000
-61.7000
-60.1000
-58.7000
-58.7000
-57.4000
-55.4000
-54.2000
-52.4000
-50.6000
-48.2000
-45.9000
-43.6000
-40.7000
-37.6000
-33.2000
-29.2000
-25.3000
-20.9000
-16.4000
-3.4000
2.0000
6.8000
11.3000
15.5000
19.4000
23.6000
26.7000
30.0000
32.8000
35.7000
38.4000
41.2000
43.6000
46.1000
48.4000
50.6000
52.9000
55.3000
57.3000
59.7000
62.0000
63.9000
66.3000
68.4000
70.6000
72.7000
75.0000
77.3000
79.6000
82.4000
85.3000
88.9000
93.1000
97.8000
99.7000
99.8000
98.9000
97.8000
97.4000
96.7000
96.1000
95.3000
94.6000
93.9000
92.9000
92.0000
91.3000
90.3000
89.3000
88.3000
87.0000
85.8000
85.2000
83.6000
82.5000
81.1000
79.5000
77.4000
75.7000
73.9000
72.1000
70.1000
67.7000
65.3000
62.7000
59.9000
56.5000
52.9000
49.2000
44.0000
37.5000
31.9000
24.6000
18.4000
11.5000
4.2000
-1.8000
-6.8000
-11.5000
-15.7000
-19.7000
-23.4000
-26.6000
-30.1000
-32.9000
-36.0000
-38.7000
-41.6000
-44.3000
-46.7000
-49.2000
-51.9000
-54.3000
-56.3000
-58.7000
-61.3000
-63.7000
-65.9000
-68.0000
-70.6000
-72.7000
-74.9000
-76.9000
-79.6000
-82.1000
-84.9000
-88.1000
-91.5000
-95.8000
-99.8000
-99.6000
-98.7000
-97.7000
-96.7000
-95.8000
-94.9000
-94.3000
-93.0000
-92.4000
-91.5000
-90.9000
-89.9000
-88.8000
-88.1000
-87.0000
-85.6000
-83.3000
-82.1000
-81.1000
-78.9000
-76.9000
-74.7000
-75.2000
-73.1000
-70.8000
-67.7000
-64.8000
-61.4000
-57.0000
-52.5000
-45.6000
-39.6000
-33.2000
-25.8000
-18.7000
-11.8000
4.9000
11.9000
18.1000
23.5000
28.8000
33.1000
37.2000
41.0000
44.3000
47.6000
50.7000
53.6000
56.2000
59.1000
61.6000
64.1000
66.9000
69.4000
72.0000
74.5000
76.9000
79.5000
82.4000
84.6000
87.4000
89.9000
92.5000
95.1000
97.8000
101.0000
105.3000
113.0000
118.6000
119.5000
118.9000
118.3000
117.8000
117.2000
116.5000
115.7000
114.8000
114.0000
112.7000
112.0000
110.9000
109.8000
108.7000
107.4000
106.1000
104.8000
103.5000
101.7000
100.3000
98.4000
96.9000
94.9000
92.4000
90.2000
87.7000
84.9000
82.0000
78.3000
74.3000
69.7000
64.7000
57.7000
48.7000
38.5000
27.6000
16.4000
5.3000
-3.9000
-11.3000
-17.5000
-23.5000
-29.5000
-34.9000
-39.3000
-43.5000
-47.3000
-51.2000
-54.5000
-57.1000
-60.1000
-63.3000
-65.9000
-68.8000
-71.3000
-73.8000
-76.0000
-78.7000
-81.1000
-83.4000
-85.7000
-88.1000
-90.6000
-92.8000
-95.3000
-97.8000
-100.9000
-104.6000
-110.2000
-117.5000
-119.7000
-118.9000
-118.0000
-117.1000
-116.2000
-115.9000
-115.4000
-114.1000
-113.1000
-112.2000
-111.3000
-110.2000
-109.3000
-109.0000
-106.1000
-105.7000
-104.0000
-102.4000
-100.5000
-99.1000
-98.8000
-97.0000
-94.4000
-91.7000
-88.6000
-84.5000
-80.6000
-75.2000
-69.3000
-60.6000
-51.5000
-40.6000
-28.1000
-16.1000
-4.0000
6.0000
14.2000
29.9000
36.3000
42.6000
48.7000
53.8000
58.2000
62.9000
67.0000
71.0000
74.8000
78.4000
82.0000
85.5000
88.7000
92.1000
95.5000
98.5000
101.6000
104.9000
108.1000
111.5000
115.1000
119.0000
124.6000
136.9000
139.5000
138.9000
138.0000
137.3000
136.5000
135.7000
134.9000
134.2000
133.2000
132.3000
131.2000
130.0000
128.8000
127.5000
125.7000
124.3000
122.0000
119.7000
117.3000
113.6000
110.0000
106.1000
101.5000
96.3000
89.9000
82.4000
73.0000
59.9000
44.6000
28.1000
12.5000
-1.1000
-13.2000
-22.6000
-30.7000
-38.5000
-45.7000
-52.0000
-57.3000
-62.5000
-67.2000
-71.9000
-76.2000
-80.5000
-84.2000
-88.0000
-91.7000
-94.9000
-98.1000
-100.9000
-103.4000
-106.7000
-109.5000
-112.4000
-115.4000
-118.5000
-121.9000
-126.1000
-130.9000
-136.3000
-139.9000
-139.2000
-138.5000
-137.7000
-136.7000
-135.3000
-134.0000
-134.0000
-133.1000
-132.4000
-131.5000
-129.4000
-129.0000
-127.5000
-124.5000
-123.8000
-121.7000
-118.9000
-116.6000
-113.5000
-108.7000
-103.0000
-97.2000
-90.0000
-80.7000
-67.7000
-53.3000
-36.0000
-18.7000
-2.3000
25.7000
35.4000
44.4000
52.6000
59.9000
66.8000
72.7000
78.0000
83.4000
88.0000
92.6000
96.9000
101.4000
105.4000
109.8000
113.5000
116.9000
120.4000
123.8000
127.0000
130.1000
133.5000
137.2000
141.0000
145.9000
151.3000
157.0000
159.6000
159.3000
158.5000
157.8000
157.0000
156.3000
155.7000
154.9000
154.0000
153.1000
152.0000
151.2000
150.1000
148.7000
147.2000
145.7000
143.9000
141.8000
139.7000
136.7000
133.4000
129.7000
125.1000
120.1000
113.9000
106.1000
96.7000
80.5000
61.1000
39.5000
19.7000
1.3000
-13.7000
-26.1000
-37.0000
-46.2000
-54.2000
-62.3000
-69.1000
-75.2000
-80.8000
-85.5000
-90.1000
-94.3000
-98.4000
-102.1000
-106.0000
-109.5000
-113.3000
-116.8000
-120.6000
-124.0000
-126.7000
-129.6000
-132.8000
-135.2000
-138.1000
-141.2000
-144.0000
-147.4000
-152.1000
-156.4000
-159.8000
-159.1000
-158.2000
-157.6000
-156.4000
-155.4000
-154.5000
-153.3000
-152.1000
-151.3000
-149.8000
-149.0000
-148.0000
-146.4000
-145.5000
-142.1000
-141.0000
-136.8000
-132.6000
-128.3000
-121.9000
-114.8000
-105.5000
-92.4000
-73.5000
-51.4000
-28.5000
-6.8000
12.4000
25.7000
53.7000
64.3000
73.8000
82.9000
90.7000
96.9000
102.6000
107.9000
113.1000
118.1000
122.5000
127.2000
130.6000
145.6000
150.8000
154.6000
158.7000
163.2000
167.4000
172.0000
175.9000
179.3000
179.7000
179.5000
178.7000
178.1000
177.3000
176.7000
176.2000
175.5000
174.9000
174.1000
173.3000
172.3000
171.2000
170.0000
168.6000
167.1000
165.1000
162.8000
160.0000
156.7000
152.4000
147.6000
141.2000
132.1000
117.4000
94.7000
70.9000
43.0000
15.0000
-8.2000
-27.4000
-41.3000
-54.4000
-64.8000
-73.6000
-81.9000
-88.4000
-94.8000
-100.2000
-105.4000
-110.4000
-115.2000
-119.3000
-123.2000
-126.9000
-131.1000
-135.0000
-138.5000
-141.9000
-144.7000
-147.5000
-150.6000
-153.1000
-155.8000
-158.5000
-162.4000
-166.3000
-170.0000
-173.4000
-176.5000
-179.4000
-178.7000
-177.8000
-176.6000
-175.3000
-174.8000
-174.2000
-173.6000
-172.7000
-171.7000
-171.1000
-170.6000
-169.5000
-167.8000
-167.4000
-166.0000
-163.7000
-162.6000
-160.0000
-158.1000
-154.7000
-150.0000
-140.0000
-126.9000
-105.7000
-74.5000
-42.8000
-8.7000
17.9000
