0
1.965
3.93
5.895
7.86
9.825
11.79
13.755
15.72
17.685
19.65
21.615
23.58
25.545
27.51
29.475
31.44
33.405
35.37
37.335
39.3
41.265
43.23
45.195
47.16
49.125
51.09
53.055
55.02
56.985
58.95
60.915
62.88
64.845
66.81
68.775
70.74
72.705
74.67
76.635
78.6
80.565
82.53
84.495
86.46
88.425
90.39
92.355
94.32
96.285
98.25
100.22
102.18
104.15
106.11
108.08
110.04
112.01
113.97
115.94
117.9
119.87
121.83
123.8
125.76
127.73
129.69
131.66
133.62
135.59
137.55
139.52
141.48
143.45
145.41
147.38
149.34
151.31
153.27
155.24
157.2
159.17
161.13
163.1
165.06
167.03
168.99
170.96
172.92
174.89
176.85
178.82
180.78
182.75
184.71
186.68
188.64
190.61
192.57
194.54
196.5
198.47
200.43
202.4
204.36
206.33
208.29
210.26
212.22
214.19
216.15
218.12
220.08
222.05
224.01
225.98
227.94
229.91
231.87
233.84
235.8
237.77
239.73
241.7
243.66
245.63
247.59
249.56
251.52
253.49
255.45
257.42
259.38
261.35
263.31
265.28
267.24
269.21
271.17
273.14
275.1
277.07
279.03
281
282.96
284.93
286.89
288.86
290.82
292.79
294.75
296.72
298.68
300.65
302.61
304.58
306.54
308.51
310.47
312.44
314.4
316.37
318.33
320.3
322.26
324.23
326.19
328.16
330.12
332.09
334.05
336.02
337.98
339.95
341.91
343.88
345.84
347.81
349.77
351.74
353.7
355.67
357.63
359.6
361.56
363.53
365.49
367.46
369.42
371.39
373.35
375.32
377.28
379.25
381.21
383.18
385.14
387.11
389.07
391.04
393
394.97
396.93
398.9
400.86
402.83
404.79
406.76
408.72
410.69
412.65
414.62
416.58
418.55
420.51
422.48
424.44
426.41
428.37
430.34
432.3
434.27
436.23
438.2
440.16
442.13
444.09
446.06
448.02
449.99
451.95
453.92
455.88
457.85
459.81
461.78
463.74
465.71
467.67
469.64
471.6
473.57
475.53
477.5
479.46
481.43
483.39
485.36
487.32
489.29
491.25
493.22
495.18
497.15
499.11
501.08
503.04
505.01
506.97
508.94
510.9
512.87
514.83
516.8
518.76
520.73
522.69
524.66
526.62
528.59
530.55
532.52
534.48
536.45
538.41
540.38
542.34
544.31
546.27
548.24
550.2
552.17
554.13
556.1
558.06
560.03
561.99
563.96
565.92
567.89
569.85
571.82
573.78
575.75
577.71
579.68
581.64
583.61
585.57
587.54
589.5
591.47
593.43
595.4
597.36
599.33
601.29
603.26
605.22
607.19
609.15
611.12
613.08
615.05
617.01
618.98
620.94
622.91
624.87
626.84
628.8
630.77
632.73
634.7
636.66
638.63
640.59
642.56
644.52
646.49
648.45
650.42
652.38
654.35
656.31
658.28
660.24
662.21
664.17
666.14
668.1
670.07
672.03
674
675.96
677.93
679.89
681.86
683.82
685.79
687.75
689.72
691.68
693.65
695.61
697.58
699.54
701.51
703.47
705.44
707.4
709.37
711.33
713.3
715.26
717.23
719.19
721.16
723.12
725.09
727.05
729.02
730.98
732.95
734.91
736.88
738.84
740.81
742.77
744.74
746.7
748.67
750.63
752.6
754.56
756.53
758.49
760.46
762.42
764.39
766.35
768.32
770.28
772.25
774.21
776.18
778.14
780.11
782.07
784.04
786
787.97
789.93
791.9
793.86
795.83
797.79
799.76
801.72
803.69
805.65
807.62
809.58
811.55
813.51
815.48
817.44
819.41
821.37
823.34
825.3
827.27
829.23
831.2
833.16
835.13
837.09
839.06
841.02
842.99
844.95
846.92
848.88
850.85
852.81
854.78
856.74
858.71
860.67
862.64
864.6
866.57
868.53
870.5
872.46
874.43
876.39
878.36
880.32
882.29
884.25
886.22
888.18
890.15
892.11
894.08
896.04
898.01
899.97
901.94
903.9
905.87
907.83
909.8
911.76
913.73
915.69
917.66
919.62
921.59
923.55
925.52
927.48
929.45
931.41
933.38
935.34
937.31
939.27
941.24
943.2
945.17
947.13
949.1
951.06
953.03
954.99
956.96
958.92
960.89
962.85
964.82
966.78
968.75
970.71
972.68
974.64
976.61
978.57
980.54
982.5
984.47
986.43
988.4
990.36
992.33
994.29
996.26
998.22
1000.2
1002.2
1004.1
1006.1
1008
1010
1012
1013.9
1015.9
1017.9
1019.8
1021.8
1023.8
1025.7
1027.7
1029.7
1031.6
1033.6
1035.6
1037.5
1039.5
1041.5
1043.4
1045.4
1047.3
1049.3
1051.3
1053.2
1055.2
1057.2
1059.1
1061.1
1063.1
1065
1067
1069
1070.9
1072.9
1074.9
1076.8
1078.8
1080.8
1082.7
1084.7
1086.6
1088.6
1090.6
1092.5
1094.5
1096.5
1098.4
1100.4
1102.4
1104.3
1106.3
1108.3
1110.2
1112.2
1114.2
1116.1
1118.1
1120.1
1122
1124
1125.9
1127.9
1129.9
1131.8
1133.8
1135.8
1137.7
1139.7
1141.7
1143.6
1145.6
1147.6
1149.5
1151.5
1153.5
1155.4
1157.4
1159.4
1161.3
1163.3
1165.2
1167.2
1169.2
1171.1
1173.1
1175.1
1177
1179
1181
1182.9
1184.9
1186.9
1188.8
1190.8
1192.8
1194.7
1196.7
1198.7
1200.6
1202.6
1204.5
1206.5
1208.5
1210.4
1212.4
1214.4
1216.3
1218.3
1220.3
1222.2
1224.2
1226.2
1228.1
1230.1
1232.1
1234
1236
1238
1239.9
1241.9
1243.8
1245.8
1247.8
1249.7
1251.7
1253.7
1255.6
1257.6
1259.6
1261.5
1263.5
1265.5
1267.4
1269.4
1271.4
1273.3
1275.3
1277.3
1279.2
1281.2
1283.1
1285.1
1287.1
1289
1291
1293
1294.9
1296.9
1298.9
1300.8
1302.8
1304.8
1306.7
1308.7
1310.7
1312.6
1314.6
1316.6
1318.5
1320.5
1322.4
1324.4
1326.4
1328.3
1330.3
1332.3
1334.2
1336.2
1338.2
1340.1
1342.1
1344.1
1346
1348
1350
1351.9
1353.9
1355.9
1357.8
1359.8
1361.7
1363.7
1365.7
1367.6
1369.6
1371.6
1373.5
1375.5
1377.5
1379.4
1381.4
1383.4
1385.3
1387.3
1389.3
1391.2
1393.2
1395.2
1397.1
1399.1
1401
1403
1405
1406.9
1408.9
1410.9
1412.8
1414.8
1416.8
1418.7
1420.7
1422.7
1424.6
1426.6
1428.6
1430.5
1432.5
1434.5
1436.4
1438.4
1440.3
1442.3
1444.3
1446.2
1448.2
1450.2
1452.1
1454.1
1456.1
1458
1460
1462
1463.9
1465.9
1467.9
1469.8
1471.8
1473.8
1475.7
1477.7
1479.6
1481.6
1483.6
1485.5
1487.5
1489.5
1491.4
1493.4
1495.4
1497.3
1499.3
1501.3
1503.2
1505.2
1507.2
1509.1
1511.1
1513.1
1515
1517
1518.9
1520.9
1522.9
1524.8
1526.8
1528.8
1530.7
1532.7
1534.7
1536.6
1538.6
1540.6
1542.5
1544.5
1546.5
1548.4
1550.4
1552.4
1554.3
1556.3
1558.2
1560.2
1562.2
1564.1
1566.1
1568.1
1570
1572
1574
1575.9
1577.9
1579.9
1581.8
1583.8
1585.8
1587.7
1589.7
1591.7
1593.6
1595.6
1597.5
1599.5
1601.5
1603.4
1605.4
1607.4
1609.3
1611.3
1613.3
1615.2
1617.2
1619.2
1621.1
1623.1
1625.1
1627
1629
1631
1632.9
1634.9
1636.8
1638.8
1640.8
1642.7
1644.7
1646.7
1648.6
1650.6
1652.6
1654.5
1656.5
1658.5
1660.4
1662.4
1664.4
1666.3
1668.3
1670.3
1672.2
1674.2
1676.1
1678.1
1680.1
1682
1684
1686
1687.9
1689.9
1691.9
1693.8
1695.8
1697.8
1699.7
1701.7
1703.7
1705.6
1707.6
1709.6
1711.5
1713.5
1715.4
1717.4
1719.4
1721.3
1723.3
1725.3
1727.2
1729.2
1731.2
1733.1
1735.1
1737.1
1739
1741
1743
1744.9
1746.9
1748.9
1750.8
1752.8
1754.7
1756.7
1758.7
1760.6
1762.6
1764.6
1766.5
1768.5
1770.5
1772.4
1774.4
1776.4
1778.3
1780.3
1782.3
1784.2
1786.2
1788.2
1790.1
1792.1
1794
1796
1798
1799.9
1801.9
1803.9
1805.8
1807.8
1809.8
1811.7
1813.7
1815.7
1817.6
1819.6
1821.6
1823.5
1825.5
1827.5
1829.4
1831.4
1833.3
1835.3
1837.3
1839.2
1841.2
1843.2
1845.1
1847.1
1849.1
1851
1853
1855
1856.9
1858.9
1860.9
1862.8
1864.8
1866.8
1868.7
1870.7
1872.6
1874.6
1876.6
1878.5
1880.5
1882.5
1884.4
1886.4
1888.4
1890.3
1892.3
1894.3
1896.2
1898.2
1900.2
1902.1
1904.1
1906.1
1908
1910
1911.9
1913.9
1915.9
1917.8
1919.8
1921.8
1923.7
1925.7
1927.7
1929.6
1931.6
1933.6
1935.5
1937.5
1939.5
1941.4
1943.4
1945.4
1947.3
1949.3
1951.2
1953.2
1955.2
1957.1
1959.1
1961.1
1963
1965
1967
1968.9
1970.9
1972.9
1974.8
1976.8
1978.8
1980.7
1982.7
1984.7
1986.6
1988.6
1990.5
1992.5
1994.5
1996.4
1998.4
2000.4
2002.3
2004.3
2006.3
2008.2
2010.2
2012.2
2014.1
2016.1
2018.1
2020
2022
2024
2025.9
2027.9
2029.8
2031.8
2033.8
2035.7
2037.7
2039.7
2041.6
2043.6
2045.6
2047.5
2049.5
2051.5
2053.4
2055.4
2057.4
2059.3
2061.3
2063.3
2065.2
2067.2
2069.1
2071.1
2073.1
2075
2077
2079
2080.9
2082.9
2084.9
2086.8
2088.8
2090.8
2092.7
2094.7
2096.7
2098.6
2100.6
2102.6
2104.5
2106.5
2108.4
2110.4
2112.4
2114.3
2116.3
2118.3
2120.2
2122.2
2124.2
2126.1
2128.1
2130.1
2132
2134
2136
2137.9
2139.9
2141.9
2143.8
2145.8
2147.7
2149.7
2151.7
2153.6
2155.6
2157.6
2159.5
2161.5
2163.5
2165.4
2167.4
2169.4
2171.3
2173.3
2175.3
2177.2
2179.2
2181.2
2183.1
2185.1
2187
2189
2191
2192.9
2194.9
2196.9
2198.8
2200.8
2202.8
2204.7
2206.7
2208.7
2210.6
2212.6
2214.6
2216.5
2218.5
2220.5
2222.4
2224.4
2226.3
2228.3
2230.3
2232.2
2234.2
2236.2
2238.1
2240.1
2242.1
2244
2246
2248
2249.9
2251.9
2253.9
2255.8
2257.8
2259.8
2261.7
2263.7
2265.6
2267.6
2269.6
2271.5
2273.5
2275.5
2277.4
2279.4
2281.4
2283.3
2285.3
2287.3
2289.2
2291.2
2293.2
2295.1
2297.1
2299.1
2301
2303
2304.9
2306.9
2308.9
2310.8
2312.8
2314.8
2316.7
2318.7
2320.7
2322.6
2324.6
2326.6
2328.5
2330.5
2332.5
2334.4
2336.4
2338.4
2340.3
2342.3
2344.2
2346.2
2348.2
2350.1
2352.1
2354.1
2356
2358
2360
2361.9
2363.9
2365.9
2367.8
2369.8
2371.8
2373.7
2375.7
2377.7
2379.6
2381.6
2383.5
2385.5
2387.5
2389.4
2391.4
2393.4
2395.3
2397.3
2399.3
2401.2
2403.2
2405.2
2407.1
2409.1
2411.1
2413
2415
2417
2418.9
2420.9
2422.8
2424.8
2426.8
2428.7
2430.7
2432.7
2434.6
